28,108
28,107
28,106
0,564
0,563
0,562
0,561
0,560
0,559
0,558
0,557
28,105
0,556
0,555
0,554
0,553
0,552
0,551
0,550
0,549
0,548
0,547
0,546
0,545
28,104
0,544
0,543
0,542
0,541
0,540
0,539
0,538
0,537
28,103
0,536
0,535
0,534
0,533
0,532
0,531
0,530
0,529
0,528
0,527
28,102
0,526
0,525
0,524
0,523
28,101
0,522
0,521
0,520
0,519
0,518
0,517
0,516
0,515
0,514
28,100
0,513
0,512
0,511
0,510
0,509
0,508
0,507
0,506
0,505
0,504
0,503
0,502
0,501
0,500
28,99
0,499
0,498
0,497
0,496
0,495
0,494
0,493
0,492
0,491
0,490
28,98
0,489
0,488
0,487
0,486
0,485
0,484
0,483
0,482
0,481
0,480
28,97
0,479
0,478
0,477
28,96
0,476
0,475
0,474
0,473
28,95
0,472
0,471
0,470
28,94
0,469
0,468
0,467
0,466
0,465
0,464
28,93
0,463
0,462
0,461
0,460
0,459
28,92
0,458
0,457
28,91
0,456
0,455
28,90
0,454
0,453
0,452
0,451
0,450
28,89
0,449
28,88
0,448
0,447
0,446
28,87
28,86
0,445
0,444
28,85
0,443
0,442
28,84
0,441
0,440
28,83
28,82
28,81
28,80
28,79
28,78
28,77
28,76
0,439
28,75
0,438
28,74
0,437
28,73
28,72
28,71
28,70
28,69
28,68
28,67
0,436
28,66
28,65
28,64
28,35
28,34
28,33
28,32
28,31
28,30
28,29
28,28
28,27
28,26
28,25
28,24
28,23
28,22
28,21
28,20
28,19
28,18
28,17
28,16
28,15
28,14
28,13
28,12
28,11
28,10
28,9
28,8
28,7
28,6
28,5
28,4
28,2
28,1
28,0
27,4
27,3
27,2
27,1
27,0
26,4
26,3
26,2
26,1
26,0
25,4
25,3
25,2
25,1
25,0
23,5
23,4
23,3
23,2
23,1
23,0
22,5
22,4
22,3
22,2
22,1
22,0
19,5
19,4
19,3
19,2
19,1
19,0
17,5
17,4
17,3
17,2
17,1
17,0
15,5
15,4
15,3
15,2
15,1
15,0
8,4
8,3
8,2
8,1
8,0
28,3
5,3
5,2
5,1
5,0
4,3
2,3
1,3
0,410
0,243
0,9
0,0
0,1
0,300
0,299
0,298
0,297
0,296
0,295
0,294
0,293
0,292
0,291
0,290
0,289
0,288
0,287
0,286
0,285
0,284
0,283
0,282
0,281
0,280
0,279
0,278
0,277
0,276
0,275
0,274
0,273
0,272
0,271
0,270
0,269
0,268
0,267
0,266
0,265
0,264
0,263
0,262
0,261
0,260
0,259
0,258
0,257
0,256
0,255
0,254
0,253
0,252
0,251
0,250
0,249
0,248
0,247
0,246
0,245
0,244
0,242
0,241
0,240
0,239
0,238
0,237
0,236
0,235
0,234
0,233
0,232
0,231
0,230
0,229
0,228
0,227
0,226
0,225
0,224
0,223
0,222
0,221
0,220
0,219
0,218
0,217
0,216
0,215
0,214
0,213
0,212
0,211
0,210
0,209
0,208
0,207
0,206
0,205
0,204
0,203
0,202
0,201
0,200
0,199
0,198
0,197
0,196
0,195
0,194
0,193
0,192
0,63
0,62
0,61
0,60
0,59
0,58
0,57
0,56
0,55
0,54
0,53
0,52
0,51
0,50
0,49
0,48
0,47
0,46
0,45
0,6
0,5
0,304
0,303
0,306
0,305
0,302
0,12
0,10
0,8
0,11
0,4
0,2
0,3
0,7
